[images7.jpg]
filters=Invert=1;Border=1,15.789473,0.000000,0.000000,00000000,ff131900,0.000000;
moddate=6346cd12f6f4d001
width=224
height=224
textactive=0
